1
1
1
1
1
1
1
1
1
2
2
2
2
2
2
2
2
2
2
2
2
3
3
3
3
3
3
3
3
4
4
4
4
4
4
5
5
5
5
6
6
6
6
7
7
7
7
8
8
8
9
9
10
10
11
11
11
12
13
13
14
14
15
16
16
17
18
18
19
20
21
22
23
24
25
26
27
29
30
31
32
34
35
37
39
40
42
44
46
48
50
52
55
57
60
62
65
68
71
74
77
81
84
88
92
96
101
105
110
115
120
125
131
136
142
149
155
162
169
177
185
193
202
211
220
230
240
251
262
273
285
298
311
325
340
355
371
387
404
422
441
461
481
502
525
548
572
598
624
652
681
711
743
776
811
847
884
924
965
1007
1052
1099
1148
1199
1252
1308
1366
1427
1490
1556
1626
1698
1773
1852
1934
2020
2110
2204
2302
2404
2511
2623
2739
2861
2988
3121
3260
3405
3556
3714
3879
4052
4232
4420
4616
4822
5036
5260
5494
5738
5993
6259
6537
6828
7132
7449
7780
8125
8487
8864
9258
9669
10099
10548
11017
11507
12018
12552
13110
13693
14302
14938
15602
16295
17019
17776
18566
19391
20253
21154
22094
23076
24102
25173
26292
27461
28681
29956
31288
32679
34131
35648
37233
38888
40617
42422
44308
46277
48334
50483
52727
55071
57519
60076
62746
65535